===== RESULTATS DES 10 RUNS =====
 seed  accuracy  precision_macro  recall_macro  f1_macro
    0  0.988353         0.960959      0.960332  0.960601
    7  0.990017         0.965870      0.965533  0.965537
   21  0.991681         0.970600      0.972033  0.971293
   42  0.987521         0.964563      0.957086  0.960065
   84  0.990017         0.973050      0.960934  0.966486
  123  0.990849         0.974622      0.962547  0.968078
 2024  0.990017         0.969597      0.965191  0.967328
 3141  0.990849         0.969531      0.970420  0.969967
 5555  0.989185         0.966237      0.960312  0.962833
 9999  0.990017         0.973050      0.960934  0.966486

===== MOYENNE ± IC95 =====
accuracy: 0.989850 ± 0.000761 (std: 0.001228)
precision_macro: 0.968808 ± 0.002686 (std: 0.004334)
recall_macro: 0.963532 ± 0.002944 (std: 0.004750)
f1_macro: 0.965867 ± 0.002308 (std: 0.003723)
