===== RESULTATS DES 10 RUNS =====
 seed  accuracy  precision_macro  recall_macro  f1_macro
    0  0.994176         0.992682      0.981820  0.987170
    7  0.992512         0.989591      0.973345  0.981276
   21  0.991681         0.989163      0.974698  0.981736
   42  0.992512         0.987133      0.981259  0.984141
   84  0.991681         0.989085      0.973065  0.980838
  123  0.991681         0.990382      0.970741  0.980282
 2024  0.991681         0.989362      0.974698  0.981895
 3141  0.993344         0.989794      0.981539  0.985576
 5555  0.992512         0.988302      0.975669  0.981813
 9999  0.992512         0.990716      0.975970  0.983207

===== MOYENNE ± IC95 =====
accuracy: 0.992429 ± 0.000513 (std: 0.000827)
precision_macro: 0.989621 ± 0.000916 (std: 0.001478)
recall_macro: 0.976280 ± 0.002429 (std: 0.003919)
f1_macro: 0.982794 ± 0.001374 (std: 0.002216)
