===== RESULTATS DES 10 RUNS =====
 seed  accuracy  precision_macro  recall_macro  f1_macro
    0  0.988353         0.967313      0.957708  0.961826
    7  0.987521         0.968518      0.954462  0.960490
   21  0.990017         0.971541      0.967174  0.968937
   42  0.987521         0.966456      0.956095  0.960487
   84  0.987521         0.968518      0.954462  0.960490
  123  0.989185         0.973095      0.959321  0.965720
 2024  0.989185         0.969566      0.959321  0.963830
 3141  0.990017         0.969687      0.962916  0.965442
 5555  0.988353         0.969941      0.957708  0.963264
 9999  0.989185         0.967831      0.960312  0.963311

===== MOYENNE ± IC95 =====
accuracy: 0.988686 ± 0.000605 (std: 0.000977)
precision_macro: 0.969247 ± 0.001230 (std: 0.001985)
recall_macro: 0.958948 ± 0.002418 (std: 0.003902)
f1_macro: 0.963380 ± 0.001708 (std: 0.002755)
